03
04
00
00
00
00
08
00
00
00
00
01
0D
00
00
00
00
00
64
00
43
49
53
43
4F
2D
53
4F
20
20
20
20
20
20
20
20
00
00
53
4F
47
4C
43
2D
54
20
20
20
20
20
20
20
20
20
20
20
34
2E
30
20
00
00
00
CC
00
10
00
00
56
45
31
38
33
31
31
36
38
35
38
20
20
20
20
20
31
38
30
38
30
33
20
20
00
00
00
98
00
00
08
60
EE
00
EB
72
1D
7B
D9
FE
58
4A
90
F1
42
D8
24
00
00
00
00
00
00
00
00
00
60
29
26
AA
43
4E
53
38
54
55
54
41
41
43
33
30
2D
31
34
31
30
2D
30
34
56
30
34
00
00
00
00
00
00
00
00
7F
00
00
00
00
00
00
00
00
00
00
00
00
00
00
00
00
00
00
00
00
00
00
00
00
00
00
00
00
00
00
00
00
47
4C
43
2D
54
20
20
20
20
20
20
20
20
20
20
20
20
20
20
20
FF
FF
FF
FF
FF
FF
FF
FF
FF
FF
FF
FF
FF
FF
FF
FF
FF
FF
FF
FF
FF
FF
FF
FF
FF
FF
FF
FF
FF
FF
FF
FF
FF
FF
FF
FF
FF
FF
FF
FF
FF
FF
FF