03
04
07
10
00
00
01
00
00
00
00
06
67
02
00
00
08
03
00
1e
49
6e
74
65
6c
20
43
6f
72
70
20
20
20
20
20
20
00
00
1b
21
46
54
4c
58
38
35
37
31
44
33
42
43
56
2d
49
54
41
20
20
20
03
52
00
88
00
3a
00
00
41
4b
46
30
55
50
32
20
20
20
20
20
20
20
20
20
31
31
30
34
31
35
20
20
68
fa
03
04
00
00
00
00
00
00
00
00
00
00
00
00
00
00
00
00
00
00
00
00
00
00
00
00
00
00
00
00
00
00
00
00
00
00
00
00
00
00
00
00
00
00
00
00
00
00
00
00
00
00
00
00
00
00
00
00
00
00
00
00
00
00
00
00
00
00
00
00
00
00
00
00
00
00
00
00
00
00
00
00
00
00
00
00
00
00
00
00
00
00
00
00
00
00
00
00
00
00
00
00
00
00
00
00
00
00
00
00
00
00
00
00
00
00
00
00
00
00
00
00
00
00
00
00
00
00
00
00
00
00
00
00
00
00
00
00
00
00
00
00
00
00
00
00
00
00
00
00
00
00
00
00
00
00
00
00
00
00
00
00